20240508-205936, 0, 1, 256, 25600, 371, 2, 512, 0.99, 0.003, 0.025, 0.01, A, False, False, 3, 4, results, 100, 0: 0%, 100: -4415.19095845148
20240509-111148, 0, 1, 256, 25600, 371, 2, 512, 0.99, 0.001, 0.001, 0.01, A, False, False, 3, 4, results, 200, 0: 0%, 200: -15504.948738881387
20240509-111355, 0, 200, 1, 256, 25600, 371, 2, 512, 0.99, 0.001, 0.001, 0.01, A, False, False, 3, 4
20240509-111537, 0, 200, 1, 256, 25600, 371, 2, 512, 0.99, 0.001, 0.001, 0.01, A, False, False, 3, 4
20240509-111559, 0, 200, 1, 256, 25600, 371, 2, 512, 0.99, 0.001, 0.001, 0.01, A, False, False, 3, 4
20240509-111724, 0, 200, 1, 256, 25600, 371, 2, 512, 0.99, 0.001, 0.001, 0.01, A, False, False, 3, 4
20240509-111822, 0, 200, 1, 256, 25600, 371, 2, 512, 0.99, 0.001, 0.001, 0.01, A, False, False, 3, 4
20240509-112422, 0, 1, 256, 25600, 371, 2, 512, 0.99, 0.001, 0.001, 0.01, A, False, False, 3, 4, results, 300, 0: 0%, 300: -8009.630245698523
20240509-113058, 0, 300, 1, 256, 25600, 371, 2, 512, 0.99, 0.001, 0.001, 0.01, A, False, False, 3, 4
20240509-113347, 0, 300, 1, 256, 25600, 371, 2, 512, 0.99, 0.001, 0.001, 0.01, A, False, False, 3, 4
20240509-113545, 0, 300, 1, 256, 25600, 371, 2, 512, 0.99, 0.003, 0.1, 0.01, A, False, False, 3, 4
20240509-113643, 0, 300, 1, 256, 25600, 371, 2, 512, 0.99, 0.003, 0.1, 0.01, A, False, False, 3, 4
20240509-113806, 0, 300, 1, 256, 25600, 371, 2, 512, 0.99, 0.003, 0.1, 0.01, A, False, False, 3, 4
20240509-113942, 0, 300, 1, 256, 25600, 371, 2, 512, 0.99, 0.003, 0.1, 0.01, A, False, False, 3, 4
20240509-114043, 0, 300, 1, 256, 25600, 371, 2, 512, 0.99, 0.003, 0.1, 0.01, A, False, False, 3, 4
20240509-114105, 0, 300, 1, 256, 25600, 371, 2, 512, 0.99, 0.003, 0.1, 0.01, A, False, False, 3, 4
20240509-114221, 0, 300, 1, 256, 25600, 371, 2, 512, 0.99, 0.003, 0.1, 0.01, A, False, False, 3, 4
20240509-114549, 0, 1, 256, 25600, 371, 2, 512, 0.99, 0.003, 0.1, 0.01, A, False, False, 3, 4, results, 400, 400: 7%, 400: 1064.4824367387687
