20240508-205936, 0, 1, 256, 25600, 371, 2, 512, 0.99, 0.003, 0.025, 0.01, A, False, False, 3, 4, results, 100, 0: 0%, 100: -4415.19095845148
20240509-111148, 0, 1, 256, 25600, 371, 2, 512, 0.99, 0.001, 0.001, 0.01, A, False, False, 3, 4, results, 200, 0: 0%, 200: -15504.948738881387
20240509-111355, 0, 200, 1, 256, 25600, 371, 2, 512, 0.99, 0.001, 0.001, 0.01, A, False, False, 3, 4
20240509-111537, 0, 200, 1, 256, 25600, 371, 2, 512, 0.99, 0.001, 0.001, 0.01, A, False, False, 3, 4
20240509-111559, 0, 200, 1, 256, 25600, 371, 2, 512, 0.99, 0.001, 0.001, 0.01, A, False, False, 3, 4
20240509-111724, 0, 200, 1, 256, 25600, 371, 2, 512, 0.99, 0.001, 0.001, 0.01, A, False, False, 3, 4
20240509-111822, 0, 200, 1, 256, 25600, 371, 2, 512, 0.99, 0.001, 0.001, 0.01, A, False, False, 3, 4
20240509-112422, 0, 1, 256, 25600, 371, 2, 512, 0.99, 0.001, 0.001, 0.01, A, False, False, 3, 4, results, 300, 0: 0%, 300: -8009.630245698523
20240509-113058, 0, 300, 1, 256, 25600, 371, 2, 512, 0.99, 0.001, 0.001, 0.01, A, False, False, 3, 4
20240509-113347, 0, 300, 1, 256, 25600, 371, 2, 512, 0.99, 0.001, 0.001, 0.01, A, False, False, 3, 4
20240509-113545, 0, 300, 1, 256, 25600, 371, 2, 512, 0.99, 0.003, 0.1, 0.01, A, False, False, 3, 4
20240509-113643, 0, 300, 1, 256, 25600, 371, 2, 512, 0.99, 0.003, 0.1, 0.01, A, False, False, 3, 4
20240509-113806, 0, 300, 1, 256, 25600, 371, 2, 512, 0.99, 0.003, 0.1, 0.01, A, False, False, 3, 4
20240509-113942, 0, 300, 1, 256, 25600, 371, 2, 512, 0.99, 0.003, 0.1, 0.01, A, False, False, 3, 4
20240509-114043, 0, 300, 1, 256, 25600, 371, 2, 512, 0.99, 0.003, 0.1, 0.01, A, False, False, 3, 4
20240509-114105, 0, 300, 1, 256, 25600, 371, 2, 512, 0.99, 0.003, 0.1, 0.01, A, False, False, 3, 4
20240509-114221, 0, 300, 1, 256, 25600, 371, 2, 512, 0.99, 0.003, 0.1, 0.01, A, False, False, 3, 4
20240509-114549, 0, 1, 256, 25600, 371, 2, 512, 0.99, 0.003, 0.1, 0.01, A, False, False, 3, 4, results, 400, 400: 7%, 400: 1064.4824367387687
20240509-180944, 0, 1, 256, 25600, 371, 2, 512, 0.99, 0.003, 0.05, 0.01, A, False, False, 3, 4, results, 900, 900: 6%, 900: 2170.786269950587
20240509-192254, 0, 1, 256, 25600, 371, 2, 512, 0.99, 0.003, 0.05, 0.01, A, False, False, 3, 4, results, 1300, 1200: 6%, 1200: 1141.853869557567
20240509-192920, 0, 1, 256, 25600, 371, 2, 512, 0.99, 0.003, 0.05, 0.01, A, False, False, 3, 4, results, 1800, 1400: 7%, 1700: 2131.983635125868
20240509-194229, 0, 1, 256, 25600, 371, 2, 512, 0.99, 0.003, 0.05, 0.01, A, False, False, 3, 4, results, 2800, 2600: 8%, 2600: 1029.0270641833545
20240509-195254, 0, 1, 256, 25600, 371, 2, 512, 0.99, 0.003, 0.05, 0.01, A, False, False, 3, 4, results, 3600, 3600: 7%, 3600: 875.5438361914828
20240509-201048, 0, 1, 256, 25600, 371, 2, 512, 0.99, 0.003, 0.05, 0.01, A, False, False, 3, 4, results, 4800, 3900: 10%, 3900: 1263.1100293636323
20240509-201832, 0, 1, 256, 25600, 371, 2, 512, 0.99, 0.003, 0.05, 0.01, A, False, False, 3, 4, results, 5000, 5000: 6%, 5000: -217.36791439056395
20240509-203312, 0, 1, 256, 25600, 371, 2, 512, 0.99, 0.003, 0.05, 0.01, A, False, False, 3, 4, results, 6100, 5200: 9%, 5200: -63.60950498580932
20240509-203636, 0, 6100, 1, 256, 25600, 371, 2, 512, 0.99, 0.003, 0.05, 0.01, A, False, False, 3, 4
20240509-204732, 0, 1, 256, 25600, 371, 2, 512, 0.99, 0.003, 0.05, 0.01, A, False, False, 3, 4, results, 6700, 6200: 4%, 6200: -815.6800006389618
20240509-210205, 0, 1, 256, 25600, 371, 2, 512, 0.99, 0.003, 0.05, 0.01, A, False, False, 3, 4, results, 7500, 7000: 5%, 7400: -680.7025664806366
20240509-214913, 0, 1, 256, 25600, 371, 2, 512, 0.99, 0.003, 0.05, 0.01, A, False, False, 3, 4, results, 10000, 8300: 7%, 8800: -649.0129037380218
20240510-001035, 0, 10000, 1, 256, 25600, 371, 2, 512, 0.99, 0.003, 0.05, 0.01, A, False, False, 3, 4
20240510-003313, 0, 1, 256, 25600, 371, 2, 512, 0.99, 0.003, 0.05, 0.01, A, False, False, 3, 4, results, 11300, 11200: 10%, 11200: 86.3238775730133
